  89.800  69.550 111.870
  90.360  70.390 111.840
  90.130  68.560 112.960
  91.220  68.540 113.060
  89.880  67.540 112.670
  89.500  68.990 114.270
  89.480  70.130 114.560
  89.340  64.410 130.800
  88.590  63.870 130.390
  89.250  64.590 132.250
  88.980  65.620 132.500
  90.150  64.290 132.790
  88.110  63.790 132.810
  87.720  62.840 132.150
  83.540  61.470 115.700
  83.630  60.480 115.900
  84.560  62.080 114.840
  84.060  62.800 114.180
  85.100  61.340 114.260
  85.700  62.820 115.610
  86.180  63.840 115.100
  97.000  66.620 137.920
  96.770  66.860 138.870
  97.170  65.140 137.670
  96.740  64.950 136.690
  96.600  64.590 138.420
  98.570  64.590 137.660
  99.480  65.140 137.030
 104.070  74.400 132.050
 104.540  73.520 132.180
 104.900  75.560 131.690
 104.510  76.000 130.770
 105.910  75.230 131.470
 104.820  76.670 132.820
 104.470  76.270 133.900
  96.750  79.690 146.450
  96.490  80.600 146.800
  96.660  78.650 147.450
  96.880  79.070 148.430
  97.420  77.890 147.300
  95.340  77.930 147.590
  94.650  77.750 146.590
  89.280  75.780 155.720
  90.170  75.550 156.150
  88.190  74.940 156.190
  88.660  73.960 156.310
  87.380  74.900 155.460
  87.630  75.490 157.540
  88.100  76.530 158.050
  83.670  73.750 156.170
  83.660  72.840 156.620
  82.580  74.100 155.290
  82.180  75.070 155.600
  81.760  73.390 155.390
  83.060  74.160 153.820
  84.230  74.080 153.450
  86.480  97.740 146.290
  87.130  97.350 145.630
  86.900  98.850 147.120
  86.160  99.630 147.320
  87.660  99.460 146.640
  87.230  98.410 148.580
  87.390  99.170 149.530
 100.400 100.530 141.840
  99.990 100.190 142.700
  99.460 100.800 140.670
  99.800 101.670 140.100
  98.460 100.930 141.080
  99.290  99.670 139.620
  98.420  99.700 138.810
  90.420  86.160 134.870
  90.820  85.700 135.680
  90.230  87.570 134.780
  90.360  87.960 133.770
  91.020  88.090 135.330
  88.950  88.060 135.410
  88.810  89.260 135.550
 105.910  95.420 149.940
 105.380  94.620 149.640
 107.020  95.170 150.820
 106.700  95.010 151.850
 107.680  96.040 150.920
 107.940  94.130 150.180
 107.660  93.660 149.060
  85.460  92.690 141.890
  84.630  93.250 141.750
  85.230  91.710 142.910
  84.720  92.020 143.820
  86.190  91.290 143.230
  84.510  90.500 142.340
  83.820  90.450 141.290
  84.480  89.450 143.170
  84.890  89.550 144.090
  83.690  88.260 142.950
  83.720  88.000 141.890
  82.660  88.580 143.090
  84.060  87.170 143.940
  84.720  87.350 144.930
  87.750  81.030 144.880
  87.890  81.150 143.890
  87.960  79.670 145.400
  87.440  79.000 144.710
  87.620  79.670 146.440
  89.390  79.160 145.310
  90.260  79.900 144.810
  94.050  80.000 138.620
  93.250  79.600 138.140
  94.950  80.780 137.770
  94.590  80.650 136.750
  95.960  80.390 137.880
  95.000  82.270 138.180
  94.000  82.910 138.470
 101.070  92.780 131.320
 100.900  92.030 130.660
 102.020  93.790 130.980
 101.660  94.780 131.250
 102.220  93.780 129.910
 103.330  93.530 131.750
 104.280  94.240 131.560
 106.860  62.090 128.140
 107.350  62.950 128.370
 106.130  62.130 126.900
 106.110  63.140 126.500
 105.100  61.790 127.020
 106.760  61.350 125.760
 106.070  60.750 124.930
 114.950  65.920 123.150
 114.880  66.900 123.390
 116.190  65.410 122.550
 116.550  64.620 123.220
 116.940  66.190 122.510
 116.010  64.800 121.080
 115.000  65.100 120.420
 112.970  62.150 120.680
 113.680  62.690 121.150
 111.720  62.810 120.240
 111.410  63.420 121.090
 110.930  62.110 119.980
 111.770  63.730 119.000
 110.950  64.610 118.830
 104.540  87.330 122.390
 103.900  87.220 123.170
 104.530  86.230 121.400
 103.950  85.410 121.820
 105.570  85.920 121.280
 103.840  86.560 120.080
 104.060  85.960 119.040
 103.990  74.060 114.330
 104.440  74.410 115.170
 102.640  74.520 114.230
 101.990  73.640 114.200
 102.510  75.090 113.310
 102.180  75.520 115.290
 102.930  75.720 116.260
  92.470  82.150 125.710
  92.740  81.200 125.510
  92.130  82.370 127.030
  92.150  81.380 127.480
  91.110  82.730 127.130
  92.970  83.360 127.790
  92.670  84.580 127.900
  93.590  86.720 125.960
  93.280  85.760 125.860
  92.490  87.620 126.260
  91.570  87.160 125.890
  92.440  88.470 125.580
  92.420  88.070 127.700
  91.440  88.770 128.050
  96.130  83.490 109.460
  95.430  84.010 109.980
  96.590  84.080 108.210
  96.570  85.160 108.360
  95.960  83.740 107.390
  98.000  83.740 107.890
  98.270  83.090 106.860
 101.930  77.390 105.260
 101.210  78.080 105.420
 101.580  75.940 105.240
 102.180  75.380 104.520
 100.580  75.700 104.890
 101.650  75.260 106.630
 101.640  74.040 106.600
  77.890  79.300 118.190
  77.130  79.620 118.780
  77.410  78.810 116.950
  76.350  79.060 116.910
  77.580  77.740 116.830
  78.000  79.540 115.750
  78.150  79.090 114.660
  89.840  79.900 108.420
  88.900  79.650 108.700
  90.670  78.870 107.770
  91.150  79.250 106.870
  90.030  78.060 107.420
  91.680  78.210 108.630
  92.730  77.860 108.110
  87.020  72.510 128.150
  86.340  72.680 127.420
  86.390  72.110 129.480
  86.130  73.050 129.960
  87.030  71.570 130.180
  85.100  71.440 129.290
  84.680  70.540 130.030
  82.320  68.720 131.260
  82.970  68.430 130.550
  80.960  69.120 130.830
  80.960  69.420 129.780
  80.690  69.910 131.530
  79.900  68.010 130.800
  80.340  66.880 130.840
  98.830  71.590  91.050
  99.820  71.640  91.220
  98.350  70.810  89.930
  99.130  70.310  89.370
  97.800  71.430  89.220
  97.190  69.840  90.260
  96.400  69.520  89.350
 104.310  61.880 105.750
 104.380  61.300 104.930
 103.220  62.860 105.870
 103.190  63.160 106.920
 102.270  62.370 105.650
 103.430  64.050 104.950
 102.390  64.550 104.490
  91.740  68.950 105.840
  91.130  68.850 106.640
  91.360  68.110 104.720
  91.680  68.500 103.750
  90.280  67.950 104.690
  92.030  66.690 104.850
  91.530  65.870 104.060
  86.750  55.140 100.560
  87.480  54.780  99.960
  85.880  56.190 100.070
  86.260  56.550  99.110
  85.980  57.070 100.710
  84.450  55.770  99.890
  83.540  56.590 100.260
  81.160  56.690 102.600
  81.520  55.860 102.150
  80.250  57.530 101.850
  79.590  58.010 102.560
  79.630  56.920 101.190
  80.850  58.710 101.100
  80.150  59.520 100.500
  82.060  55.080  89.530
  82.950  54.620  89.690
  81.910  56.100  88.470
  80.940  55.950  88.010
  82.700  55.940  87.730
  81.900  57.580  88.870
  81.530  58.530  88.200
 104.690  58.120  93.790
 104.430  57.330  94.370
 106.000  58.010  93.170
 106.630  57.730  94.020
 106.350  59.000  92.870
 106.170  57.210  91.890
 105.530  56.180  91.650
 112.530  55.050  94.440
 112.680  54.620  93.540
 113.400  56.180  94.720
 114.180  56.250  93.960
 113.930  55.960  95.650
 112.750  57.570  94.680
 113.490  58.500  95.010
 111.030  59.840  96.480
 110.850  58.880  96.730
 111.260  60.840  97.570
 112.130  61.470  97.400
 111.350  60.340  98.530
 110.150  61.900  97.780
 110.020  62.470  98.880
 102.670  80.070  65.480
 101.720  80.120  65.820
 102.870  79.560  64.160
 102.020  78.960  63.840
 103.770  78.950  64.110
 102.980  80.650  63.120
 102.260  81.610  63.190
 104.360  81.460  46.200
 105.290  81.510  46.590
 104.110  81.930  44.840
 103.590  82.880  44.970
 103.560  81.160  44.300
 105.390  81.960  44.010
 106.280  81.180  44.340
 111.750  79.480  59.490
 111.700  78.770  58.780
 110.730  79.530  60.520
 110.560  80.580  60.760
 111.130  79.120  61.450
 109.460  78.820  60.200
 108.680  78.730  61.140
  96.540  80.590  39.120
  96.580  81.360  38.470
  97.220  79.290  38.830
  97.770  78.910  39.690
  97.820  79.490  37.950
  96.220  78.160  38.370
  95.140  77.970  38.940
  86.240  81.350  46.240
  86.300  80.490  45.720
  84.870  81.680  46.770
  84.950  81.860  47.840
  84.260  80.780  46.670
  84.160  82.850  46.020
  84.380  83.020  44.840
  87.840  93.410  34.470
  87.280  94.250  34.480
  88.480  93.060  33.170
  87.960  93.530  32.340
  88.200  92.010  33.110
  90.000  93.330  32.970
  90.770  93.720  33.920
  95.600  96.920  25.110
  95.040  96.270  24.570
  96.880  97.320  24.570
  97.210  96.590  23.830
  97.610  97.340  25.380
  96.880  98.630  23.820
  95.800  99.210  23.620
 101.330  98.930  25.110
 101.610  98.000  24.830
 102.310  99.620  26.030
 102.030 100.670  26.140
 103.270  99.600  25.520
 102.410  99.020  27.390
 102.420  97.770  27.520
  85.480 112.330  40.250
  85.330 111.530  40.850
  84.290 113.090  39.730
  84.390 114.160  39.900
  83.350 112.830  40.210
  84.050 112.930  38.190
  83.100 113.560  37.670
  73.040 105.290  44.090
  73.680 105.370  43.310
  73.610 105.850  45.350
  72.780 106.060  46.020
  74.090 106.820  45.260
  74.560 104.930  46.080
  75.350 105.420  46.940
  90.640  98.190  47.650
  90.070  97.750  46.940
  89.980  99.320  48.310
  89.990  99.150  49.390
  88.940  99.410  48.010
  90.630 100.710  47.990
  90.070 101.690  48.440
  70.880 100.270  34.540
  71.710  99.830  34.900
  70.060  99.460  33.580
  70.290  99.760  32.560
  69.030  99.790  33.740
  70.090  97.920  33.810
  70.440  97.520  34.910
  89.970 108.440  42.790
  90.430 109.240  43.200
  90.700 107.900  41.640
  90.890 108.760  40.990
  90.140 107.080  41.200
  92.140 107.470  42.000
  92.470 107.350  43.150
  92.900 107.050  40.950
  92.430 107.210  40.070
  94.290 106.570  40.850
  94.440 105.850  41.660
  95.060 107.330  40.970
  94.580 105.750  39.590
  93.730 105.650  38.690
  94.860  98.950  36.730
  94.880  98.780  37.720
  95.380  97.900  35.940
  96.300  97.510  36.390
  95.720  98.290  34.980
  94.340  96.760  35.690
  93.260  96.770  36.300
  90.860  93.610  42.360
  91.780  93.700  42.770
  89.810  93.180  43.290
  90.150  93.040  44.310
  89.420  92.240  42.890
  88.640  94.190  43.310
  88.780  95.410  43.180
  78.110  97.260  51.990
  78.720  96.780  52.630
  76.650  97.300  52.210
  76.310  98.280  51.880
  76.350  97.300  53.260
  75.750  96.260  51.520
  74.870  95.720  52.190
  92.160  69.060  46.470
  91.570  69.860  46.280
  92.670  68.950  47.860
  92.160  69.730  48.430
  93.730  69.200  47.820
  92.480  67.630  48.590
  93.250  67.220  49.480
  83.490  65.170  52.360
  82.930  65.940  52.710
  82.990  63.830  52.370
  83.140  63.400  51.380
  81.920  63.930  52.560
  83.630  62.990  53.440
  84.390  63.480  54.260
  87.430  63.350  53.300
  86.450  63.170  53.450
  88.090  64.570  53.900
  87.720  65.410  53.310
  89.180  64.580  53.840
  87.660  64.720  55.390
  87.750  65.840  55.860
  79.580  87.770  58.350
  79.950  88.410  57.660
  80.410  86.850  59.060
  81.350  86.800  58.500
  79.970  85.850  59.050
  80.730  87.400  60.490
  80.830  86.630  61.450
  88.400  75.890  63.070
  87.580  75.900  62.480
  89.030  77.140  63.420
  90.100  76.930  63.350
  88.860  77.370  64.470
  88.740  78.450  62.620
  87.870  78.390  61.730
  91.970  91.760  55.320
  92.540  90.950  55.500
  91.970  92.230  53.910
  92.140  91.460  53.160
  92.790  92.950  53.800
  90.660  92.960  53.500
  90.500  94.130  53.690
  88.420  94.920  56.050
  89.150  94.230  55.920
  88.810  96.360  56.150
  89.810  96.380  56.590
  88.150  96.880  56.840
  88.700  97.100  54.850
  89.110  98.210  54.780
  89.570  86.530  71.020
  89.390  87.480  70.740
  89.230  86.110  72.340
  88.730  86.940  72.830
  90.130  85.860  72.900
  88.290  85.010  72.410
  88.450  84.090  73.250
  88.530  77.230  73.070
  88.880  78.160  73.260
  89.500  76.230  72.820
  89.090  75.360  73.330
  90.490  76.490  73.200
  89.660  75.840  71.300
  90.150  74.730  70.990
 105.960  96.120  62.560
 106.300  96.980  62.140
 106.570  95.580  63.740
 107.550  96.030  63.910
 106.750  94.510  63.610
 105.740  95.680  65.060
 106.100  94.930  66.020
  96.230  87.390  71.380
  96.920  87.750  70.740
  96.160  85.960  71.640
  95.370  85.640  72.320
  97.060  85.610  72.150
  96.000  85.040  70.380
  95.290  84.080  70.520
 101.660  88.010  50.890
 101.940  88.570  51.680
 102.380  88.310  49.600
 101.940  89.150  49.060
 102.310  87.440  48.950
 103.870  88.590  49.850
 104.680  88.760  48.970
 107.430  88.960  47.190
 106.820  88.590  47.900
 108.470  89.870  47.640
 108.550  89.700  48.710
 108.250  90.920  47.450
 109.840  89.670  47.110
 110.250  88.680  46.540
  96.070  71.010  85.370
  95.270  70.410  85.280
  96.980  70.620  86.450
  96.810  69.650  86.910
  96.910  71.450  87.160
  98.440  70.620  86.020
  99.370  71.040  86.700
  96.040  63.890  68.340
  96.540  63.120  68.760
  96.440  65.160  68.740
  96.860  65.720  67.900
  97.350  65.150  69.340
  95.550  66.010  69.650
  96.070  66.990  70.220
 102.040  76.930  70.890
 102.600  77.360  70.170
 102.870  76.110  71.900
 102.460  76.070  72.910
 103.820  76.640  71.950
 103.160  74.720  71.530
 104.150  74.130  72.020
 114.280  67.650  72.760
 113.770  66.900  73.200
 114.350  68.950  73.410
 113.680  68.930  74.270
 113.970  69.760  72.790
 115.740  69.310  74.030
 116.030  70.500  74.180
 117.160  72.500  71.660
 117.650  71.620  71.770
 117.540  73.530  72.680
 118.070  74.380  72.250
 118.280  73.030  73.300
 116.490  73.970  73.690
 116.670  75.000  74.350
 118.860  67.880  84.060
 118.490  66.950  83.970
 118.660  68.640  85.300
 119.670  68.930  85.600
 118.290  68.010  86.100
 117.820  69.940  85.320
 117.500  70.460  86.400
  99.010  58.140  78.960
  99.680  57.730  78.320
  97.880  57.310  79.340
  97.440  57.040  78.380
  97.050  57.810  79.840
  98.270  56.050  80.060
  99.190  55.400  79.620
  93.890  51.020  76.680
  94.170  50.220  77.230
  92.450  51.330  76.630
  91.900  50.710  77.340
  92.070  51.080  75.640
  92.030  52.740  77.010
  90.860  52.980  76.810
  91.780  55.790  76.140
  92.290  55.030  75.710
  91.100  56.760  75.170
  90.180  57.010  75.700
  90.960  56.230  74.230
  91.740  58.140  74.840
  91.860  58.710  73.740
  76.500 101.300 114.930
  76.130 100.870 114.100
  75.700 101.630 116.100
  74.760 101.950 115.650
  76.210 102.350 116.740
  75.700 100.480 117.150
  75.930  99.320 116.810
  65.910  97.520 131.050
  66.480  98.290 131.370
  65.290  96.570 132.010
  65.820  95.640 131.810
  64.220  96.450 131.860
  65.550  96.880 133.530
  65.960  98.040 133.790
  78.190 104.800 125.420
  77.490 105.360 125.880
  78.120 104.460 123.990
  78.530 103.460 123.820
  78.490 105.270 123.350
  76.770 104.200 123.440
  76.620 103.990 122.220
  55.960  93.530 130.140
  55.530  92.750 130.630
  55.660  94.920 130.610
  56.300  95.630 130.080
  55.850  95.090 131.670
  54.210  95.310 130.310
  53.390  94.480 129.780
  54.620  89.850 119.070
  53.990  90.610 119.270
  54.350  89.040 117.820
  55.240  89.020 117.190
  53.540  89.530 117.280
  53.780  87.680 118.130
  53.360  87.420 119.270
  52.730  77.700 130.880
  52.750  76.690 130.850
  52.090  78.320 132.030
  51.220  77.670 132.100
  51.810  79.340 131.770
  52.950  78.430 133.330
  54.180  78.340 133.170
  52.590  75.850 143.370
  51.590  75.750 143.400
  53.230  76.260 144.570
  52.540  76.820 145.190
  54.100  76.870 144.320
  53.790  75.030 145.400
  53.630  73.800 145.090
  56.900  78.000 147.490
  56.330  78.830 147.550
  58.350  78.080 147.820
  58.590  77.140 148.320
  58.590  78.890 148.510
  59.230  78.240 146.600
  58.850  78.840 145.590
  63.450  60.640 128.900
  63.190  61.350 128.240
  62.770  59.300 128.810
  63.270  58.490 129.340
  62.700  59.090 127.740
  61.360  59.340 129.450
  60.520  58.550 129.110
  54.910  62.370 116.410
  54.730  62.330 117.400
  56.330  62.340 115.970
  56.460  62.060 114.920
  56.870  61.570 116.530
  56.920  63.730 116.010
  58.110  63.840 115.900
  65.170  76.870 123.310
  64.250  77.140 123.610
  65.300  75.610 122.570
  65.780  75.840 121.620
  64.260  75.270 122.570
  66.210  74.550 123.310
  66.830  73.700 122.680
  45.050  64.240 120.930
  45.660  64.990 121.210
  43.590  64.430 121.050
  43.330  64.290 122.100
  43.030  63.730 120.430
  43.180  65.910 120.660
  44.040  66.660 120.250
  66.430  66.800 128.900
  67.270  66.240 128.810
  66.120  67.240 130.230
  66.430  66.450 130.910
  65.050  67.440 130.310
  66.930  68.550 130.570
  67.820  69.080 129.880
  66.550  69.050 131.770
  65.870  68.550 132.320
  66.940  70.400 132.240
  66.910  71.180 131.480
  67.930  70.330 132.690
  66.070  70.800 133.430
  65.490  69.990 134.180
  61.040  76.340 134.680
  61.600  76.700 133.930
  60.350  77.420 135.460
  61.090  78.170 135.710
  60.030  77.040 136.430
  59.030  77.880 134.850
  58.560  77.280 133.850
  59.310  80.320 126.770
  60.140  80.840 127.000
  58.970  80.260 125.370
  59.750  80.790 124.820
  58.080  80.850 125.170
  58.990  78.870 124.790
  59.800  78.040 125.160
  58.920  73.390 111.660
  59.450  74.210 111.400
  58.160  72.790 110.570
  58.470  71.750 110.520
  58.400  73.280 109.630
  56.590  72.940 110.670
  55.840  72.450 109.830
  52.700 103.120 120.410
  52.420 102.190 120.120
  54.000 103.690 120.030
  54.480 102.910 119.440
  54.580 103.920 120.920
  53.850 105.000 119.160
  54.590 105.900 119.400
  49.340 103.770 110.050
  49.250 102.830 109.690
  48.560 104.800 109.280
  47.830 105.300 109.920
  48.090 104.190 108.510
  49.380 105.960 108.710
  50.630 105.910 108.510
  51.960 107.740 111.540
  51.370 107.450 110.770
  53.040 106.840 111.870
  52.650 105.900 112.270
  53.730 107.310 112.570
  53.890 106.450 110.670
  54.910 105.830 110.840
  61.190  83.310 106.670
  61.120  82.850 107.560
  61.700  84.750 106.600
  61.820  85.150 107.610
  60.940  85.370 106.120
  63.130  84.880 105.970
  63.410  85.930 105.400
  64.800  98.210 106.720
  63.950  98.030 107.230
  65.990  97.660 107.330
  66.360  98.370 108.060
  66.780  97.540 106.590
  65.710  96.240 107.970
  64.540  95.760 108.120
  68.200  84.480 117.920
  67.670  85.320 117.730
  67.750  83.580 118.990
  67.170  84.160 119.710
  68.640  83.150 119.460
  66.870  82.480 118.530
  67.390  81.350 118.380
  68.110  80.270 115.310
  68.320  81.140 115.780
  68.680  78.990 115.930
  69.600  79.320 116.420
  68.960  78.330 115.110
  67.930  78.150 116.890
  68.490  77.620 117.880
  75.100  90.810 103.830
  75.310  89.930 104.280
  75.470  91.050 102.440
  75.860  90.080 102.130
  76.220  91.830 102.380
  74.370  91.640 101.510
  74.700  92.640 100.920
  71.420  98.670  99.900
  71.990  97.850 100.090
  71.760 100.010 100.350
  71.560 100.670  99.500
  72.820 100.110 100.580
  70.910 100.390 101.610
  70.730 101.580 101.990
  83.760  87.980 122.350
  84.080  87.290 123.010
  84.700  89.010 121.810
  85.670  89.050 122.300
  84.090  89.910 121.930
  85.020  88.820 120.350
  85.360  89.790 119.680
  80.040  93.540 107.610
  80.770  93.650 108.290
  79.330  94.750 107.240
  79.200  94.870 106.160
  80.020  95.540 107.540
  78.050  94.930 107.940
  77.270  95.670 107.390
  70.050  91.090 126.620
  71.010  91.180 126.320
  69.700  91.140 128.080
  69.170  90.220 128.310
  68.960  91.920 128.220
  70.810  91.550 129.020
  70.520  92.200 130.020
  71.570  92.390 134.220
  71.620  93.100 133.500
  72.800  92.040 134.830
  73.490  91.720 134.040
  72.700  91.190 135.510
  73.550  93.010 135.680
  73.020  94.100 135.990
  81.700 109.720  94.700
  80.750 109.980  94.480
  82.780 110.740  94.520
  82.390 111.590  93.970
  83.510 110.200  93.910
  83.360 111.170  95.850
  84.590 111.170  95.950
  67.380 112.650 105.770
  67.640 113.620 105.720
  68.450 111.720 105.990
  67.990 110.970 106.640
  69.220 112.210 106.590
  69.000 111.090 104.710
  70.130 110.590 104.690
  78.300 104.530 110.090
  78.240 104.320 111.080
  79.050 105.740 109.800
  79.210 105.800 108.720
  80.020 105.690 110.290
  78.450 107.070 110.140
  79.150 108.040 110.230
  82.860 118.140 115.460
  82.410 118.730 114.780
  84.060 117.460 115.020
  84.350 117.780 114.020
  83.730 116.430 114.940
  85.320 117.670 115.840
  86.290 116.780 115.820
  86.530 115.250 119.270
  86.390 116.240 119.390
  87.950 114.850 119.030
  88.270 114.250 119.880
  88.530 115.770 119.000
  88.180 114.070 117.660
  89.180 113.390 117.520
  93.720 121.940 110.070
  92.860 122.450 109.940
  94.420 121.360 108.890
  95.450 121.710 108.870
  93.900 121.810 108.050
  94.350 119.910 108.700
  94.900 119.400 107.700
  73.590 121.310  99.460
  73.180 121.470 100.370
  72.830 121.730  98.210
  71.740 121.730  98.280
  72.910 121.040  97.370
  73.450 123.040  97.630
  73.920 123.950  98.340
  66.330 124.990  96.630
  66.600 125.780  96.060
  65.580 123.940  95.870
  65.320 124.420  94.920
  64.660 123.660  96.370
  66.350 122.690  95.420
  65.690 121.750  94.940
  67.380 119.990  96.910
  67.290 120.850  97.430
  66.890 118.760  97.500
  66.350 118.180  96.750
  66.150 119.020  98.250
  67.970 117.930  98.060
  68.390 118.110  99.170
  95.050 113.220  71.410
  95.660 112.910  72.150
  95.470 114.370  70.590
  96.180 114.940  71.200
  94.630 115.070  70.570
  96.150 113.890  69.290
  96.730 112.820  69.340
 104.740 120.490  56.250
 103.770 120.600  55.990
 105.670 120.540  55.090
 106.170 119.580  54.980
 106.490 121.250  55.220
 105.010 120.940  53.780
 103.930 121.480  53.730
  90.610 117.850  62.430
  90.710 118.830  62.190
  90.970 117.430  63.750
  90.990 116.350  63.870
  90.230 117.760  64.490
  92.390 117.770  64.230
  92.810 117.140  65.180
 114.890 123.240  56.280
 115.610 123.060  55.590
 114.110 124.530  56.160
 113.050 124.510  56.420
 114.180 124.860  55.120
 114.860 125.550  57.000
 115.200 125.290  58.140
 119.570 118.390  66.680
 119.560 119.400  66.670
 120.320 117.730  67.710
 119.720 117.000  68.250
 120.750 118.440  68.420
 121.520 117.070  67.150
 121.920 117.390  65.990
 126.770 113.200  52.480
 127.510 112.510  52.420
 126.800 114.210  51.390
 127.800 114.290  50.960
 126.640 115.160  51.910
 125.800 114.050  50.230
 124.810 113.340  50.280
 127.170 114.980  40.120
 127.740 115.780  40.370
 126.290 115.200  38.900
 126.560 116.180  38.510
 125.230 115.230  39.140
 126.600 114.240  37.720
 127.660 113.640  37.610
 121.980 114.540  36.240
 122.060 115.500  36.550
 120.670 113.860  36.010
 120.870 113.060  35.300
 119.990 114.610  35.620
 120.040 113.330  37.330
 120.410 113.770  38.470
 128.170  92.190  49.310
 127.760  92.550  50.160
 129.580  91.840  49.220
 129.830  90.930  48.670
 129.990  91.860  50.230
 130.440  92.850  48.440
 131.620  92.500  48.110
 134.990  95.560  62.390
 134.820  96.200  61.620
 133.890  94.640  62.570
 134.150  93.930  63.360
 133.730  94.170  61.600
 132.520  95.310  62.830
 131.510  94.640  62.730
 118.130 102.790  58.400
 118.830 103.430  58.050
 118.530 101.400  58.470
 117.930 100.900  59.230
 119.570 101.350  58.780
 118.500 100.610  57.240
 119.060  99.530  57.220
 141.570 104.120  58.670
 140.620 104.460  58.650
 142.690 104.990  59.000
 142.850 105.580  58.090
 143.600 104.470  59.290
 142.390 106.090  60.070
 141.320 106.100  60.700
 122.480  95.460  50.450
 122.390  94.490  50.200
 122.290  96.350  49.280
 122.310  95.720  48.390
 123.140  97.010  49.150
 121.010  97.180  49.190
 120.040  96.910  49.840
 120.980  98.110  48.240
 121.760  98.220  47.610
 119.810  99.000  48.040
 119.490  99.260  49.050
 119.030  98.540  47.430
 120.250 100.280  47.370
 121.440 100.430  47.130
 120.410 107.820  47.680
 119.720 107.540  48.360
 120.210 109.210  47.370
 119.150 109.410  47.550
 120.540 109.450  46.360
 120.990 110.030  48.360
 121.820 109.670  49.180
 120.300 109.930  56.650
 119.320 109.780  56.440
 120.790 109.760  58.090
 119.990 109.720  58.820
 121.390 110.600  58.440
 121.660 108.520  58.210
 121.380 107.440  57.610
 125.660 100.130  68.670
 124.730 100.310  69.010
 126.740  99.940  69.670
 127.170  98.960  69.460
 126.360  99.890  70.690
 127.980 100.900  69.730
 128.860 100.680  70.570
 112.800 129.690  68.400
 113.650 129.150  68.510
 111.500 129.220  68.870
 111.480 128.140  69.010
 110.760 129.600  68.160
 110.960 129.890  70.180
 109.740 129.980  70.340
 115.840 129.030  79.160
 116.080 128.060  79.290
 115.970 129.810  80.370
 116.740 130.560  80.180
 116.280 129.180  81.200
 114.690 130.480  80.970
 113.610 129.890  80.880
 111.770 131.130  78.350
 112.550 130.990  78.970
 111.080 129.950  77.960
 111.580 129.350  77.200
 110.110 130.300  77.600
 110.780 129.000  79.150
 110.660 127.780  79.040
 118.710 106.320  76.570
 119.100 106.210  75.640
 117.380 106.960  76.850
 117.040 107.290  75.870
 117.410 107.800  77.540
 116.330 106.040  77.430
 115.440 106.490  78.170
 107.150 116.090  79.380
 108.120 116.260  79.170
 106.580 114.980  78.570
 105.830 115.450  77.940
 105.990 114.320  79.210
 107.570 114.110  77.760
 108.780 114.340  77.790
 111.150 105.850  65.010
 110.620 106.650  65.320
 112.010 105.910  63.810
 111.990 106.950  63.490
 111.620 105.230  63.050
 113.480 105.460  64.050
 113.780 104.290  63.760
 113.850 102.250  66.590
 113.190 102.930  66.240
 113.900 100.950  65.970
 113.060 100.660  65.340
 113.850 100.220  66.770
 115.110 100.560  65.090
 115.100  99.550  64.460
 103.080 103.070  79.760
 103.570 102.380  79.210
 102.610 102.680  81.090
 102.890 101.650  81.310
 101.530 102.780  81.140
 103.250 103.500  82.210
 102.540 103.810  83.190
 101.320 110.740  85.550
 100.860 109.860  85.400
 100.560 111.970  85.220
 100.570 112.640  86.080
  99.550 111.680  84.940
 101.180 112.800  84.100
 100.580 113.850  83.770
  96.140 100.750  60.390
  96.270 100.370  59.460
  94.790 100.740  60.950
  94.200 100.170  60.230
  94.290 101.700  61.070
  94.750 100.080  62.360
  93.740 100.280  63.000
  97.120 103.300  76.240
  96.440 103.160  75.510
  96.980 104.450  77.050
  97.460 104.230  78.010
  95.930 104.600  77.320
  97.560 105.850  76.660
  97.530 106.830  77.450
 105.180 112.060  58.590
 104.210 111.870  58.790
 105.540 112.460  57.270
 106.240 111.730  56.850
 106.040 113.430  57.260
 104.360 112.450  56.280
 104.300 113.130  55.240
 103.140 114.300  50.900
 102.830 115.260  50.880
 102.230 113.270  50.350
 102.000 112.540  51.130
 102.830 112.680  49.660
 100.970 113.990  49.740
 100.750 115.250  49.810
  87.240 111.850  92.650
  87.950 112.450  93.040
  85.810 111.960  93.060
  85.730 112.700  93.850
  85.520 110.980  93.450
  84.880 112.440  91.930
  83.730 111.980  91.790
  95.970 125.210  83.570
  95.140 125.760  83.770
  95.800 123.770  83.180
  96.570 123.460  82.480
  94.810 123.580  82.770
  95.850 122.710  84.290
  95.290 121.630  84.090
  91.690 113.790  76.270
  92.070 113.990  75.360
  90.300 114.160  76.400
  89.870 113.520  77.180
  89.780 114.010  75.450
  90.060 115.550  76.870
  88.880 115.940  76.910
  79.530 122.740  74.630
  79.540 123.210  75.530
  79.110 121.390  74.540
  78.740 121.050  75.510
  79.920 120.750  74.200
  77.930 121.190  73.640
  78.070 120.310  72.770
  78.330 119.290  69.860
  77.930 120.050  70.400
  77.670 117.990  70.010
  77.910 117.450  69.090
  76.590 118.140  70.020
  78.180 117.100  71.200
  77.970 115.910  71.190
  69.340 118.670  79.460
  69.710 119.420  80.020
  69.010 117.440  80.210
  68.180 117.000  79.650
  68.650 117.630  81.220
  70.000 116.330  80.370
  69.890 115.640  81.360
  86.470 126.460  91.720
  86.320 127.080  90.940
  87.150 127.040  92.910
  87.720 127.880  92.530
  87.810 126.360  93.440
  86.090 127.650  93.840
  85.170 128.320  93.310
  90.860 132.710  95.580
  90.170 132.970  96.260
  92.170 132.210  96.100
  92.450 132.700  97.030
  92.960 132.460  95.390
  92.110 130.690  96.500
  92.880 130.250  97.360
  93.390 128.280  95.140
  93.100 129.200  94.850
  94.520 127.700  94.430
  95.160 127.100  95.080
  95.000 128.510  93.890
  94.180 126.600  93.400
  94.260 126.870  92.220
